# Created by Octave 4.0.3, Wed Dec 28 11:49:14 2016 CET <diningphil@diningphilsMBP3-001.homenet.telecomitalia.it>
# name: Wres
# type: cell
# rows: 1
# columns: 1
# name: <cell-element>
# type: matrix
# rows: 30
# columns: 11
 -0.05410842448984787 -0.06864408376243493 0.1782292930784447 0.1305507575249981 -0.1322690972190729 0.09808625528143017 0.01267730039012994 -0.3070470786233651 -0.03359839370730887 0.1246469258932145 0.007641435717745199
 -0.8569518891590291 0.2349674434469539 -0.3756291861001171 -0.3690541565364037 -0.2683008204562429 -0.3272293745933855 0.4683677722321656 -0.7171912578657588 0.4916613338520944 -0.4713885875380339 0.3492504425236298
 1.185711739531537 -0.5126959359753424 -0.6457459497290274 0.2150706500430167 -0.8542275483169083 -0.3798847693986346 -0.6357164957233932 -0.5963603875049145 -1.625100555182138 -0.2337134481506189 -0.260691663625246
 0.7282667618523305 -0.5574867433921239 0.7001024292652672 0.2047032227561423 0.7815519618972038 0.5069054671470244 -0.2103603870772275 -0.3018908803845901 -0.1130817986611361 0.6801358472120163 0.2417680374841643
 1.247656544110344 -0.3530468524433432 0.1979931235788923 0.4466946075667233 -0.4957364244692186 -1.252960677811458 0.5749885706010817 2.216233442186319 -0.587013922067072 -1.205117843900484 0.524770817803295
 1.76526071696194 0.07273179046177142 0.9059881945575441 -0.8648119959604089 0.6227968647071974 0.1450853666189826 0.4231560140406669 0.3837957448991549 0.9044666353601923 0.4621492565461934 0.2657932374890618
 -0.06457306149561054 -0.07395418043093822 0.1934870543629238 0.1317951997246338 -0.139042516478581 0.1115406787444894 0.009013410583728884 -0.3277336229596621 -0.03355538779862589 0.1366965773909944 0.02245870980474914
 0.650267175861809 1.080336565241686 -0.1853345444807717 0.0004775518425261242 -0.08041172668378367 -0.5600040730189806 0.4403309573134454 -0.09861820231096564 0.531410401207537 -0.4832642922991817 0.2072219999451911
 0.1608644610036267 1.339630506723423 0.9537959760167301 0.7306203722131269 1.583419200720486 1.385523143546052 -0.1830008286080334 1.184336520280386 -0.003349283697591942 -0.6887674917549329 0.7394307560499833
 -0.9102186219895388 0.4521206371751719 -0.6669801716261069 -0.3510302665140052 -1.021999847308399 -0.3677217755807379 0.3390531465296163 0.5008745442542332 0.1696839224136572 -0.5998419125271037 -0.1462819637783409
 -0.8985859290656445 0.2280398077419102 -0.358740666239709 -0.3725526464923133 -0.2692845708042584 -0.3440873355380764 0.4750703135624402 -0.7587723847933564 0.5168037991110109 -0.4750231523559026 0.3806459574468324
 -1.05531905437844 0.1620514266029509 -0.3283951454938097 -0.3476080013845516 -0.34827081684143 -0.4254544745385196 0.4860372852505988 -0.7650837835275656 0.5643729007032329 -0.4852871162692184 0.455992797672386
 -0.727374717693049 0.4746831868565526 0.1510210239165717 0.3161520689856772 0.373989134170883 0.304170903147174 0.2448234865486728 0.1779324036829395 -1.0937812872784 0.1735354646570623 0.3210390230316016
 0.000757625692335737 0.004086854553787616 -0.07290847502742789 -0.08305068234855244 0.103335693486329 -0.05410556289191586 -0.05189095685795218 0.241519865982212 0.05068174118756166 -0.02357971103678082 0.03458753082571701
 -1.034469723270102 0.1912253851592094 -0.3251331012749569 -0.3616747238000829 -0.3281347085723546 -0.4087843603784106 0.4821665663377011 -0.7937217116400139 0.5657218437023719 -0.4926756597400366 0.4509520400688808
 -1.996205659180653 -0.653474758350354 0.066386710385169 0.3552282614288025 -0.8591292081828296 -0.7355888600280437 -0.1401023665698578 2.051442207200719 -0.8167388320886182 0.1166268691804683 -0.5642398231933938
 2.836546204331031 1.074633334317793 1.371481450499901 -0.1613951393826053 0.2363703722123635 1.541221702142197 0.9193248973723824 1.234719143068714 0.4030406803825922 -1.818653951051702 0.7401635642009872
 -1.897376748493535 -0.6314741326073522 -0.2726317062184533 -0.1075568425435292 -0.2456867021225665 -0.2662150839050414 -1.383688673699 0.1298719775307642 2.417252552398024 0.3054647286693578 -0.990943784419983
 -2.108919262099227 -1.534045222905992 -0.3905994721553055 -0.4064589110603036 -0.1635974416835521 -0.7030615484990457 1.309438279664778 -0.8791670312186256 0.9716870003006411 -0.2165584040420755 0.5855605322530933
 -0.9219686801355385 0.6919035835805039 0.38228479427193 0.6326106032149571 0.118534808840069 0.1018019660347502 0.07777625129576668 0.4165993156265072 -2.503054405358212 0.07568400738187687 1.11733328366741
 -0.7021808060587724 0.0885952849822222 2.157607352313573 -0.03430753386485046 1.50925242720428 0.8861638362242876 0.3846959745121707 0.08918389401059479 1.325428099557518 1.212810345809952 0.6876451901808039
 1.746214046130798 0.4314084500616148 -1.02898894389857 -1.136351311576952 0.5595340284089374 1.29685504864626 1.288906360673685 -0.2952604897450917 1.198693647684324 1.155139207968097 0.4269856050802731
 -2.240888208998539 -1.202588445590701 -0.215400877980543 -0.4926487721321918 -0.08013273221990004 -0.4554098982576925 1.81528458152991 -0.403794869359306 1.465201019333234 -0.1161710729111179 -1.402980855671704
 -0.1915757990552202 0.1924027446286454 -0.2736127820257503 -0.2002229560855656 -0.104243659200767 -0.1910518104225487 0.1670206182576446 0.05467999661424588 0.1433580561633125 -0.2526067526239409 0.03777477971871269
 -0.3640374422078157 0.9709848536541946 -0.3027132932499156 0.202498622778297 0.4210468268661371 -0.2255325244139944 1.559851387847321 0.04900306290605577 -1.728676965123181 -0.4580069452393294 1.11797082822417
 0.01452883705798901 -0.06139885447957288 0.1031410059163302 0.1057080401384646 -0.07132167248412057 0.02361494403988409 -0.03962422463775907 -0.1212553986097571 -0.02305561835363763 0.05011428313734084 0.032778892061804
 -1.767350518146578 0.07024963913704817 -0.07174829876591916 -0.4770867844363803 0.3759079693610045 0.4291120632556334 0.3453983857140888 -1.143835730279816 1.866455343195949 1.625217893907719 -0.50731847143208
 0.2954500800518832 0.9361662084189988 0.3164980507696258 0.02191565483048808 0.6571235630652049 0.1252052787205387 -0.1765081652478146 1.086497228109137 -1.061639795205043 -0.501692423562752 1.575702915886238
 1.646612351326931 0.6131292656151364 -0.2687078745694679 0.1572973918453759 1.724704793413044 -0.3477612999237287 1.170660507746814 -0.7216958568748206 0.3038831035678904 -1.503889690980011 0.6823396960783848
 0.7317169063993261 0.0264708161627664 -0.1134757530558094 0.6716295770257922 -0.3087408634113492 0.108302378847673 -0.1336641475243323 -0.6714955776439826 -0.7321788706387468 -0.05600861832721319 0.02845324324817871





# name: W_O_res
# type: matrix
# rows: 2
# columns: 31
 -0.4908921731797295 -0.3326563405391126 0.6169036626058645 2.490764253276397 -1.035816172520385 3.08420345982965 2.006740495383998 -0.3599719026405415 1.575825414892296 2.250074730490292 0.3152586584902671 0.6374663525624309 0.6090583584437566 0.006921943788662782 -0.1871729054714707 0.6342708524209799 2.424368045166559 4.165182634559204 1.387135988078147 0.9190094820280548 -0.9467743919014709 2.890677277859906 3.258237515242357 0.6059994692350557 0.1936312175789702 0.9783776141055508 -0.3136986450241934 2.708081494477974 1.129048055987687 3.050328141845732 0.8720348878180132
 -0.1154515093473888 -0.4375635076418583 1.306763348013429 -0.3053154188210713 -1.429813784606659 0.3964220664857673 0.5091389952164894 -0.4633532849443315 -0.1957789266779702 -0.4834726395862826 1.673912884039525 1.370561706103376 1.554970765416487 1.292727269332586 0.2930905617091675 1.54816362434256 -0.9188542266434795 0.4229378150271512 2.70378942243425 3.114145128953123 2.728510625127428 -0.2926587256150406 0.1805487500494227 3.482621198864233 0.3972727109845895 -2.258246826380628 -0.1999078397864053 -0.2420835395833405 -1.574419584502824 0.4186754833616489 -0.7965969805336263


